19.62
10.00
11.12
7.16
12.42
18.83
13.21
14.34
6.22
12.64
10.91
5.09
15.58
4.57
19.30
9.48
4.04
19.16
8.26
19.74
7.62
14.08
14.74
12.22
16.51
12.79
4.87
12.40
5.62
12.03
14.71
12.78
10.39
8.88
15.15
17.80
8.76
19.84
19.57
6.61
11.79
5.55
5.48
14.46
4.57
12.53
7.67
9.51
12.55
15.33
12.83
12.27
10.73
18.26
17.90
18.93
17.00
11.58
14.56
5.15
19.65
4.44
18.27
16.18
16.67
10.90
12.72
6.61
16.62
5.90
13.19
15.89
9.35
6.32
9.82
5.07
13.09
5.89
19.49
6.25
10.59
12.23
14.14
16.72
4.95
19.08
14.50
8.95
12.46
17.26
13.87
15.40
4.37
10.99
4.23
9.02
19.67
17.19
19.08
18.60
6.62
4.20
11.26
10.19
10.76
19.22
15.04
19.54
12.70
4.41
14.37
11.73
13.20
6.71
10.09
5.29
16.20
8.34
13.15
7.95
16.00
12.09
6.47
7.85
18.24
9.13
8.15
19.09
4.27
17.72
17.71
9.41
4.17
10.61
5.48
9.51
19.27
7.21
10.72
15.71
13.20
15.49
10.49
10.11
12.35
12.61
17.74
6.62
14.34
17.28
12.91
4.27
15.77
12.23
15.86
7.94
18.55
15.82
4.46
19.64
10.48
17.95
16.12
15.71
11.51
17.96
18.96
19.59
10.43
12.43
18.45
6.52
12.72
15.63
19.44
16.29
5.68
4.33
10.69
12.65
6.42
10.38
14.59
9.96
5.70
6.68
19.64
18.33
14.72
10.06
11.04
8.22
9.26
8.31
6.04
4.26
17.62
18.13
17.07
11.73
